0
0
0
0
0
0
0
0
0
0
0
0
0
0
0
0
0
0
0
0
0
0
0
0
0
0
0
0
0
0
0.872618
0.885684
0.895982
0.913235
0.936151
0.954636
0.969443
0.982027
0.994492
1.00531
1.01566
1.02257
1.03022
1.03631
1.03478
1.0298
1.02039
1.00797
0.986904
0.964902
0.940445
0.949398
0.987723
1.02925
1.05628
1.07764
1.10811
1.13748
1.16401
1.20238
1.24876
1.27476
1.30951
1.34989
1.38262
1.41241
1.46105
1.51203
1.51358
1.51497
1.51628
1.5171
1.51786
1.51687
1.51653
1.51617
1.51529
1.51373
1.51322
1.51288
1.51393
1.51363
1.51454
1.51216
1.50945
1.50596
1.50399
1.50137
1.49936
1.49849
1.49324
1.4934
1.50501
1.50553
1.50157
1.48684
1.47486
1.46261
1.45021
1.43943
1.43141
1.42487
1.42207
1.41625
1.40979
1.40409
1.39898
1.39414
1.39202
1.39114
1.38713
1.3851
1.38342
1.37924
1.37648
1.37216
1.3686
1.36279
1.35822
1.35219
1.34752
1.34261
1.347
1.33792
1.33375
1.32884
1.32524
1.31979
1.31456
1.31157
1.30887
1.31327
1.31436
1.31456
1.31604
1.31858
1.32127
1.32509
1.32888
1.3323
1.33603
1.33764
1.3394
1.33903
1.33865
1.33667
1.33499
1.33297
1.33103
1.32906
1.32596
1.3231
1.32082
1.31763
1.31413
1.31069
1.30878
1.31457
1.31538
1.33109
1.3321
1.32895
1.32888
1.32779
1.32686
1.32135
1.31545
1.31049
1.30675
1.30185
1.29322
1.28871
1.285
1.28165
1.28032
1.27769
1.27437
1.27067
1.26869
1.26869
1.26723
1.26658
1.26251
1.25893
1.25737
1.25486
1.25243
1.25176
1.25307
1.25228
1.23351
1.21689
1.2151
1.21675
1.21638
1.21415
1.21218
1.21092
1.20555
1.20806
1.2051
1.20508
1.20632
1.20738
1.20895
1.21196
1.21551
1.2187
1.22224
1.22377
1.22294
1.22188
1.22055
1.21832
1.21539
1.21175
1.20749
1.20378
1.20029
1.19892
1.19698
1.19568
1.19367
1.19183
1.19041
1.18776
1.1759
1.19001
1.19932
1.20917
1.21692
1.21905
1.22439
1.22984
1.23337
1.23706
1.23859
1.24168
1.24375
1.24578
1.24918
1.25214
1.2532
1.25488
1.25753
1.25881
1.26053
1.2615
1.26333
1.26224
1.26262
1.26283
1.26347
1.26215
1.2627
1.26543
1.26469
1.26853
1.25915
1.26024
1.25915
1.25815
1.2557
1.25656
1.24868
1.24218
1.24343
1.23614
1.23251
1.22898
1.22576
1.22316
1.22133
1.21943
1.21861
1.21839
1.21875
1.21908
1.21994
1.22088
1.22173
1.22243
1.22399
1.22576
1.22656
1.22835
1.23031
1.23213
1.23258
1.23302
1.23327
1.23396
1.23552
1.23652
1.23164
1.2293
1.23224
1.22749
1.22194
1.21733
1.20919
1.19963
1.19145
1.1832
1.1726
1.16697
1.16092
1.1577
1.15495
1.1516
1.14954
1.14725
1.14278
1.14072
1.13837
1.13553
1.13306
1.13069
1.12986
1.12668
1.12461
1.12224
1.12015
1.11545
1.1175
1.1072
1.10079
1.10393
1.10248
1.10203
1.09807
1.09667
1.09406
1.08899
1.09169
1.08575
1.08271
1.07894
1.07517
1.07301
1.06924
1.06461
1.06051
1.05645
1.05415
1.04976
1.04567
1.04162
1.03726
1.03262
1.02856
1.0249
1.02175
1.01891
1.01673
1.01545
1.01549
1.01506
1.01668
1.01661
1.0194
1.01813
1.02414
1.02577
1.02652
1.02752
1.02276
1.01953
1.01871
1.01663
1.01012
1.00767
1.00267
0.999961
0.998019
0.994626
0.991487
0.988652
0.98761
0.984968
0.984503
0.984378
0.985943
0.984456
0.982951
0.982455
0.982216
0.983687
0.982928
0.984371
0.986369
0.989602
0.993264
0.988995
0.988381
0.983694
0.984096
0.940322
0.899046
0.872139
0.867121
0.863584
0.851986
0.830847
0.8206
0.807403
0.79221
0.787489
0.788307
0.790171
0.79152
0.79424
0.795965
0.791131
0.790138
0.789023
0.789164
0.79106
0.792428
0.792765
0.789605
0.782249
0.774967
0.763471
0.76826
0.762333
0.762739
0.754322
0.739854
0.722299
0.695322
0.669938
0.680606
0.711566
0.74733
0
0
0
0
0
0
0
0
0
0
0
0
0
0
0
0
0
0
0
0
0
0
0
0
0
0
0
0
0
0
