28412
27177
25784
26473
27290
27582
27879
28061
28355
28341
27560
26404
25415
25452
26518
27979
29360
29951
30110
29603
29094
28926
28608
28032
27163
26252
26103
26161
26099
26114
25755
25029
24152
23345
23022
23087
23543
24244
25275
26898
28795
30672
32365
33655
35568
38846
42543
45691
47774
49172
49815
50248
50643
51451
52556
53376
54019
54769
54760
54614
55130
55978
57041
57645
57979
58183
58360
58417
58595
58717
58745
58580
58156
57711
57441
57210
57219
57323
57378
57467
57526
57371
56842
55860
54641
53460
52475
51578
50636
49348
47753
46166
44582
43867
44010
44946
45957
46133
45329
44934
45295
46339
48110
50018
51775
52990
53280
53009
52830
52638
52324
51758
50617
49184
48136
47586
47622
48314
49595
50692
52600
54668
56103
56659
56840
56427
55694
55028
54840
55089
55099
54998
55322
56298
57529
58145
58088
58000
58000
58057
58003
57781
57460
57191
56801
56236
55808
55439
55230
55370
55712
56012
56203
56578
57295
57707
57896
57922
57814
57867
57719
56650
54719
51992
49200
46901
44679
42933
41223
39430
39008
39987
41346
42855
45128
47349
49431
51356
53163
55044
56118
56328
55671
54803
54025
53066
51890
50606
49975
50135
50192
50600
51763
52427
52859
53376
54453
55899
56601
56499
56509
56721
57282
57921
58834
59243
59431
59976
60644
60990
61244
61360
61343
61225
61088
60739
60529
60724
61180
61649
61834
61544
60820
59919
58940
58374
58228
58154
58259
58529
58524
58428
58378
58570
58092
56225
53435
50302
46756
44222
42443
40752
39893
40104
40782
42022
43832
46319
49488
52950
56015
57774
58134
57985
56933
54815
52327
49956
48031
46747
46045
45646
45492
45683
46529
47806
49224
50851
52366
53194
53010
51653
50751
50575
50508
51599
52967
54344
55810
57430
59674
61577
62872
63495
63593
63288
62701
62093
61496
60983
60521
60005
59566
59559
59709
59890
59839
59509
59067
58877
59012
59079
59080
59056
58872
58585
58111
57087
55023
51744
47610
43043
38081
33395
28605
23849
19767
16175
13583
11935
11130
10195
8774
7137
5988
5569
5471
5695
6349
7190
8229
9268
10444
11232
11487
11103
10415
9639
9136
8820
8629
8650
8807
9125
9857
11076
12216
13102
14131
14566
15314
15800
15848
16071
16165
15720
14816
13769
12923
12458
12427
12466
12458
12470
12578
12731
12927
13130
13270
13379
13424
13368
13317
13448
13727
14047
14367
14686
14888
14871
14555
13926
13041
12142
11403
10859
10428
10087
9891
9832
9779
9614
9374
9162
8967
8792
8693
8703
8709
8787
8890
8922
8896
8840
8812
8852
8888
8864
8835
8826
8805
8755
8730
8746
8834
8946
9070
9121
9146
9447
10366
11678
13213
14993
16617
17560
17866
18025
17977
17923
18021
18158
18120
18121
18411
19599
21356
22707
23799
24768
25404
25618
25625
25336
25043
24598
23904
22642
21720
21255
21134
21358
21497
21655
21814
21445
20382
19280
18694
18247
17748
17926
18590
18960
18872
18616
18260
18158
18396
