0
0
0
0
0
0
0
0
0
0
0
0
0
0
0
0
0
0
0
0
0
0
0
0
0
0
0
0
0
0
0.360486
0.36384
0.344809
0.322019
0.289664
0.28016
0.321749
0.362541
0.428561
0.442763
0.452824
0.461459
0.472165
0.481382
0.491371
0.501306
0.509766
0.517172
0.538982
0.545943
0.550133
0.555017
0.560108
0.56508
0.566637
0.569586
0.56876
0.563625
0.557076
0.546697
0.541219
0.539721
0.536788
0.527491
0.524456
0.527072
0.531036
0.531818
0.528522
0.521877
0.510794
0.497391
0.521793
0.540759
0.587394
0.639584
0.679044
0.712415
0.73104
0.746461
0.756703
0.763136
0.762923
0.761829
0.758403
0.756548
0.749399
0.736503
0.755517
0.770706
0.78591
0.801508
0.821277
0.843732
0.869297
0.875387
0.886294
0.88632
0.886872
0.888354
0.889777
0.895245
0.902601
0.910315
0.912317
0.912692
0.91437
0.915796
0.917051
0.91889
0.919238
0.920265
0.921095
0.922335
0.923009
0.925434
0.926736
0.920428
0.924728
0.920875
0.927613
0.925987
0.923638
0.92218
0.922266
0.922008
0.923277
0.922974
0.921751
0.919103
0.918457
0.917427
0.917285
0.913232
0.909516
0.908882
0.910852
0.908022
0.904698
0.899099
0.895645
0.893523
0.906996
0.920358
0.930605
0.936929
0.9447
0.948884
0.954109
0.959912
0.963722
0.967552
0.969332
0.973005
0.978163
0.983847
0.988799
0.992053
0.997045
1.00313
1.00909
1.0135
1.01572
1.01818
1.031
1.01103
0.995517
0.98596
0.970987
0.959741
0.957768
0.954302
0.948097
0.94518
0.943706
0.950859
0.954478
0.95509
0.953047
0.952476
0.947498
0.943832
0.939994
0.936759
0.941082
0.945394
0.945955
0.954258
0.954139
0.980692
0.977427
0.977245
0.982817
0.982413
0.983541
0.982817
0.981018
0.980328
0.979524
0.980262
0.982538
0.982388
0.983934
0.984157
0.986241
0.98757
0.98887
0.990331
0.994018
0.997179
0.994983
1.00769
0.988106
0.995856
0.994186
0.994955
0.996402
0.993756
0.990586
0.989685
0.989314
0.988813
0.987468
0.987541
0.989797
0.990177
0.992818
0.993021
0.993977
0.99564
0.999352
1.00505
1.01418
1.01986
1.02139
1.0179
1.01307
1.01387
1.02404
1.02686
1.02486
1.02169
1.01721
1.0146
1.01607
1.01732
1.01575
1.01228
1.00998
1.0066
1.00246
1.00074
0.998388
0.997266
0.995909
0.996672
0.997283
1.00336
0.999259
1.0014
1.0167
1.03299
1.04687
1.05316
1.06002
1.0689
1.07103
1.07736
1.08384
1.08947
1.09567
1.10053
1.10744
1.1117
1.11182
1.11213
1.11138
1.11565
1.11454
1.11587
1.11693
1.11278
1.11248
1.07628
1.06571
1.06072
1.05933
1.05467
1.05292
1.05369
1.05825
1.06159
1.06313
1.06518
1.06674
1.06633
1.06561
1.06426
1.06408
1.06396
1.06355
1.06082
1.06061
1.06181
1.06234
1.06024
1.04925
1.04679
1.04436
1.0423
1.03921
1.03486
1.03027
1.02596
1.02431
1.02174
1.021
1.0233
1.02533
1.02703
1.03102
1.03178
1.03297
1.03173
1.03257
1.03307
1.03414
1.0272
1.03916
1.02363
1.03034
1.02874
1.02805
1.02907
1.03044
1.0252
1.02026
1.01731
1.01691
1.01608
1.01554
1.01614
1.01871
1.02327
1.02685
1.03348
1.03557
1.0418
1.04457
1.05028
1.05411
1.05369
1.05156
1.05957
1.05679
1.05757
1.05847
1.05857
1.06046
1.06172
1.06081
1.05748
1.05578
1.05815
1.05942
1.0616
1.06502
1.06862
1.07722
1.08167
1.08343
1.08415
1.08843
1.09872
1.0952
1.0905
1.07209
1.06908
1.06911
1.06992
1.07089
1.06647
1.06403
1.05929
1.05487
1.05176
1.04751
1.04531
1.04435
1.04575
1.05028
1.05617
1.06318
1.07122
1.07735
1.08417
1.09173
1.09757
1.12095
1.1207
1.12038
1.11936
1.11649
1.11366
1.11056
1.10943
1.10868
1.10505
1.10357
1.09853
1.09693
1.09016
1.08633
1.08219
1.08374
1.08708
1.09479
1.096
1.09849
1.0947
1.10037
1.10661
1.08371
1.08089
1.08082
1.07917
1.07745
1.07325
1.0657
1.05867
1.05737
1.05611
1.05473
1.0499
1.04527
1.0409
1.03622
1.03072
1.02584
1.02234
1.01924
1.01649
1.01093
1.00313
0.996296
0.992474
0.984606
0.979762
0.974222
0.967602
0.963632
0.957219
0.951064
0.944384
0.939393
0.930056
0.928518
0.91767
0.911159
0.900259
0.890242
0.881141
0.878285
0.877518
0.877636
0.872475
0.850959
0.841887
0.84286
0.830822
0.819972
0.808871
0.799084
0.787922
0.78333
0.791536
0.788561
0.78053
0.773612
0.774011
0.774184
0.777303
0.779918
0.779308
0.777512
0.776023
0.76991
0.765055
0.762097
0.747507
0.732326
0.718854
0.709278
0.717602
0.727376
0.737891
0.748691
0.759535
0.771253
0.772405
0.774037
0.771679
0.761659
0.753532
0.744693
0.750852
0.747113
0.737786
0.731951
0.729566
0.73095
0.729432
0.728286
0.727419
0.725918
0.726229
0.741569
0.746845
0.765189
0.782779
0.782853
0.77402
0.764073
0.755725
0.737636
0.71259
0.669158
0.670455
0.672166
0.671563
0.669842
0.663757
0.650619
0.645449
0.645132
0.65093
0.651165
0.650082
0.648425
0.645606
0.643004
0.637204
0.633025
0.627242
0.628024
0.637473
0.646863
0.65499
0.672536
0.741608
0.776702
0.793179
0.805078
0.814261
0.818239
0.815911
0.805103
0.785277
0.753456
0.713752
0.701765
0.687213
0.669367
0.650591
0.644711
0.641914
0.62908
0.614854
0.600979
0.583887
0
0
0
0
0
0
0
0
0
0
0
0
0
0
0
0
0
0
0
0
0
0
0
0
0
0
0
0
0
0
