0
0
0
0
0
0
0
0
0
0
10
10
10
10
10
10
10
10
10
10
10
20
21
20
20
19
18
18
18
18
18
18
18
18
18
18
18
18
18
17
17
17
17
17
17
17
17
17
17
17
17
17
17
35
35
35
35
34
34
34
34
34
34
34
34
34
34
17
17
17
17
17
17
17
17
17
17
17
17
17
17
17
17
17
17
17
17
17
17
17
17
17
17
17
17
17
17
17
17
17
17
17
17
17
17
17
17
17
17
17
17
17
17
17
17
17
17
17
17
17
17
17
17
17
17
17
17
17
17
17
17
17
17
17
17
17
17
17
17
17
17
17
17
17
17
17
17
17
11
11
11
10
10
10
10
10
10
10
10
10
10
10
10
10
10
10
12
10
10
10
10
10
10
0
0
0
0
0
0
0
0
0
0
