714.364
726
770.455
865.455
966.182
1041.73
1094.91
1141.18
1178.91
1223.82
1277.64
1336.55
1388.36
1415.64
1399.27
1372
1371.18
1417.55
1513.64
1673.73
1918.45
2272.36
2699.45
3122.55
3533.82
3979.45
4450.73
4926.36
5359.91
5726.82
5991.27
6101.09
6021.64
5786.55
5467.82
5123.45
4751
4353.36
3925.09
3492.64
3084.55
2727.73
2442.09
2230.36
2104.55
2079.27
2083.82
2075.27
2046.09
2008.91
1955.73
1882
1830
1790.82
1749.09
1685.36
1606.09
1543.73
1517.91
1560.91
1705.36
2110.45
2778.91
3567.91
4402.91
5270.36
6169.45
7045
7870.91
8648.18
9285.64
9735.82
9796.45
9414.91
8743.91
7957.91
7122.82
6249.91
5391.18
4564.09
3752.73
3033.09
2437.18
2005.82
1776.55
1690.36
1647.27
1619.09
1607.64
1612
1650.18
1763.64
1985.64
2330.73
2752.55
3217
3686
4126.55
4483.73
4782.45
5069.91
5306.45
5409.18
5324.18
5070.45
4714.64
4286.45
3829
3398.91
3045.36
2749.27
2459.64
2194.27
1985.18
1853.18
1755.82
1688.45
1658.36
1658.73
1669.36
1687.27
1704.91
1716.64
1714.64
1717.36
1741.27
1809.82
1910.64
2043.09
2211.64
2419
2662.27
2919.82
3208.36
3539.55
3909.64
4271.27
4556.73
4732.36
4772.45
4671.36
4461.82
4174.09
3855.18
3498.82
3101.36
2664.18
2216.36
1795
1437.82
1181.55
1035.64
962.909
946.091
984.455
1068.82
1174.91
1289.55
1389.18
1481.55
1543.55
1565.45
1566.18
