0
0
0
0
0
0
0
0
0
0
0.270202
0.708602
0.795775
0.751278
0.70763
0.656214
0.609143
0.57929
0.534535
0.484141
0.442968
0.477068
0.495041
0.491113
0.489568
0.494734
0.491767
0.497047
0.514209
0.533757
0.546472
0.556121
0.566294
0.575209
0.584103
0.59414
0.60835
0.631511
0.657067
0.68243
0.708647
0.713251
0.716644
0.718171
0.717197
0.716602
0.715556
0.713706
0.711931
0.709307
0.70643
0.701606
0.694636
0.692661
0.702275
0.711948
0.721749
0.739404
0.742209
0.742267
0.744378
0.745743
0.742248
0.736789
0.732148
0.727361
0.722695
0.727822
0.756998
0.790894
0.826307
0.856929
0.874815
0.883308
0.886006
0.885004
0.882523
0.881191
0.882154
0.887893
0.894324
0.899089
0.903676
0.9063
0.907379
0.907424
0.907076
0.907032
0.907217
0.906972
0.905416
0.902872
0.901749
0.901948
0.901849
0.901577
0.900981
0.89903
0.895517
0.892348
0.889818
0.885656
0.880535
0.874897
0.868932
0.863915
0.861616
0.861612
0.862915
0.864586
0.866165
0.866926
0.867622
0.870476
0.875473
0.880039
0.883614
0.887649
0.89356
0.900338
0.907395
0.914667
0.921321
0.925792
0.927668
0.927387
0.927525
0.928445
0.929488
0.929664
0.928945
0.926894
0.925536
0.925587
0.925446
0.923515
0.919316
0.914063
0.908945
0.903648
0.898183
0.894236
0.892695
0.891439
0.88991
0.887438
0.885188
0.879968
0.873206
0.861182
0.842783
0.820598
0.801423
0.78542
0.777951
0.781374
0.782124
0.75861
0.718705
0.678892
0.647933
0.609551
0.555875
0.491723
0.424748
0.364214
0.333113
0.315741
0.300358
0.207152
0.10776
0.0620395
0.041244
0
0
0
0
0
0
0
0
0
0
