31.1199
31.7352
32.3532
32.9734
33.5958
34.2198
34.8453
35.4718
36.099
36.7267
37.3545
37.9821
38.609
39.235
39.8597
40.4828
41.1039
41.7227
42.3388
42.9518
43.5615
44.1673
44.7692
45.3665
45.9591
46.5465
47.1286
47.7048
48.2748
48.8384
49.3953
49.945
50.4873
51.022
51.5487
52.0672
52.5771
53.0782
53.5703
54.0531
54.5263
54.9898
55.4434
55.8868
56.3199
56.7425
57.1543
57.5555
57.9456
58.3247
58.6926
59.0493
59.3946
59.7286
60.0511
60.3621
60.6618
60.9499
61.2265
61.4918
61.7457
61.9883
62.2197
62.4399
62.6492
62.8475
63.0351
63.2122
63.3787
63.5351
63.6814
63.8179
63.9448
64.0623
64.1708
64.2704
64.3615
64.4442
64.519
64.586
64.6458
64.6985
64.7445
64.7841
64.8177
64.8457
64.8683
64.8861
64.8993
64.9082
64.9135
64.9153
64.9139
64.91
64.9038
64.8957
64.886
64.8752
64.8637
64.8518
64.8399
64.8283
64.8173
64.8076
64.799
64.7924
64.7876
64.7854
64.7858
64.7892
64.7959
64.806
64.8201
64.8382
64.8606
64.8875
64.9191
64.9558
64.9975
65.0445
65.097
65.155
65.2188
65.2884
65.3638
65.4452
65.5326
65.626
65.7255
65.8311
65.9427
66.0605
66.1842
66.3138
66.4492
66.5905
66.7373
66.8896
67.0474
67.2104
67.3784
67.5513
67.7287
67.9107
68.097
68.2872
68.4811
68.6785
68.8792
69.0828
69.289
69.4976
69.7082
69.9206
70.1344
70.3493
70.565
70.781
70.9972
71.2132
71.4286
71.6431
71.8563
72.068
72.2777
72.4852
72.6901
72.8922
73.091
73.2862
73.4776
73.6649
73.8477
74.0257
74.1988
74.3666
74.5289
74.6854
74.836
74.9803
75.1181
75.2493
75.3738
75.4914
75.6018
75.7049
75.8008
75.8891
75.97
76.0432
76.1088
76.1667
76.2167
76.2591
76.2938
76.3209
76.3403
76.3521
76.3565
76.3535
76.3432
76.3258
76.3014
76.2703
76.2323
76.188
76.1374
76.0808
76.0185
75.9505
75.8773
75.7991
75.7161
75.6287
75.5371
75.4418
75.3429
75.2408
75.1358
75.0283
74.9187
74.8072
74.6943
74.5802
74.4654
74.3502
74.2349
74.1199
74.0056
73.8923
73.7804
73.6702
73.562
73.4562
73.3531
73.2531
73.1564
73.0633
72.9743
72.8896
72.8092
72.7336
72.6631
72.5978
72.538
72.484
72.4357
72.3936
72.3578
72.3283
72.3054
72.2891
72.2796
72.2768
72.2811
72.2923
72.3104
72.3356
72.3677
72.4069
72.4529
72.506
72.5658
72.6324
72.7056
72.7853
72.8713
72.9637
73.0621
73.1662
73.2761
73.3915
73.512
73.6376
73.7679
73.9026
74.0416
74.1844
74.3308
74.4805
74.6333
74.7887
74.9463
75.106
75.2674
75.4299
75.5935
75.7576
75.922
76.0861
76.2499
76.4128
76.5744
76.7344
76.8926
77.0485
77.2018
77.3521
77.4992
77.6425
77.7819
77.9171
78.0477
78.1734
78.2941
78.4093
78.5189
78.6225
78.72
78.8112
78.8957
78.9735
79.0443
79.108
79.1645
79.2136
79.2552
79.2892
79.3156
79.3342
79.345
79.3479
79.3431
79.3305
79.31
79.2818
79.2459
79.2024
79.1513
79.0928
79.027
78.954
78.8741
78.7873
78.6938
78.5938
78.4876
78.3754
78.2574
78.1339
78.005
77.8712
77.7327
77.5898
77.4426
77.2918
77.1374
76.9798
76.8194
76.6564
76.4913
76.3244
76.1559
75.9863
75.816
75.6452
75.4741
75.3034
75.1333
74.964
74.7961
74.6296
74.4651
74.3028
74.1431
73.9862
73.8324
73.682
73.5353
73.3926
73.2541
73.12
72.9908
72.8662
72.7468
72.6328
72.5242
72.4212
72.3241
72.2329
72.1476
72.0687
71.9959
71.9294
71.8691
71.8154
71.768
71.7271
71.6927
71.6646
71.6429
71.6274
71.6183
71.6151
71.6181
71.6271
71.6418
71.662
71.6879
71.719
71.7552
71.7965
71.8424
71.8929
71.9477
72.0065
72.0691
72.1353
72.2048
72.2772
72.3524
72.4302
72.51
72.5918
72.6751
72.7598
72.8455
72.9318
73.0186
73.1055
73.1922
73.2784
73.3639
73.4482
73.5313
73.6127
73.6923
73.7697
73.8447
73.917
73.9865
74.0528
74.1156
74.175
74.2306
74.2823
74.3298
74.373
74.4118
74.4461
74.4756
74.5002
74.52
74.5348
74.5446
74.5491
74.5487
74.5429
74.5321
74.516
74.4948
74.4686
74.4373
74.401
74.3598
74.3139
74.2633
74.208
74.1485
74.0846
74.0166
73.9447
73.8692
73.7902
73.7077
73.6223
73.5341
73.4432
73.35
73.2547
73.1575
73.059
72.9592
72.8584
72.7569
72.655
72.5531
72.4515
72.3503
72.25
72.1508
72.053
71.9571
71.8632
71.7716
71.6826
71.5966
71.5138
71.4344
71.3588
71.2872
71.2198
71.157
71.0989
71.0457
70.9977
70.9552
70.9182
70.8868
70.8615
70.8421
70.829
70.8222
70.8218
70.8279
70.8406
70.86
70.886
70.9188
70.9583
71.0045
71.0575
71.1171
71.1833
71.2562
71.3354
71.421
71.5129
71.6109
71.7148
71.8246
71.94
72.0608
72.1867
72.3178
72.4535
72.5938
72.7382
72.8868
73.039
73.1945
73.3531
73.5146
73.6786
73.8447
74.0125
74.1818
74.3521
74.5234
74.6948
74.8664
75.0377
75.2082
75.3777
75.5457
75.712
75.8761
76.0377
76.1964
76.3518
76.5038
76.6518
76.7956
76.9347
77.069
77.1982
77.3217
77.4395
77.5511
77.6564
77.7551
77.8471
77.9318
78.0093
78.0793
78.1416
78.1961
78.2424
78.2807
78.3107
78.3323
78.3454
78.3501
78.3459
78.3333
78.3119
78.2819
78.2431
78.1959
78.14
78.0756
78.0028
77.9216
77.8322
77.7348
77.6294
77.5163
77.3956
77.2676
77.1323
76.9901
76.8412
76.6859
76.5244
76.3569
76.1839
76.0055
75.8222
75.6341
75.4417
75.2453
75.0451
74.8417
74.6352
74.4262
74.2149
74.0016
73.7869
73.5711
73.3545
73.1374
72.9203
72.7036
72.4875
72.2725
72.0589
71.8472
71.6375
71.4303
71.2259
71.0246
70.8268
70.6327
70.4428
70.2571
70.076
69.8999
69.7289
69.5632
69.4032
69.249
69.1008
68.9589
68.8233
68.6943
68.5719
68.4563
68.3477
68.246
68.1514
68.0639
67.9836
67.9105
67.8446
67.7859
67.7343
67.69
67.6527
67.6224
67.599
67.5824
67.5726
67.5693
67.5724
67.5818
67.5972
67.6186
67.6456
67.6782
67.716
67.7588
67.8065
67.8585
67.915
67.9754
68.0396
68.107
68.1778
68.2513
68.3274
68.4057
68.4859
68.5677
68.6509
68.7351
68.8199
68.905
68.9902
69.0752
69.1596
69.2431
69.3253
69.4062
69.4853
69.5624
69.6372
69.7092
69.7786
69.8449
69.9077
69.9671
70.0226
70.0742
70.1216
70.1646
70.2031
70.2368
70.2658
70.2897
70.3086
70.3222
70.3306
70.3336
70.3311
70.3232
70.3098
70.2909
70.2665
70.2367
70.2012
70.1604
70.1143
70.0627
70.006
69.9443
69.8774
69.8057
69.7293
69.6484
69.563
69.4733
69.3797
69.2822
69.181
69.0764
68.9687
68.858
68.7445
68.6285
68.5104
68.3904
68.2686
68.1455
68.0212
67.8961
67.7704
67.6444
67.5184
67.3927
67.2677
67.1434
67.0202
66.8985
66.7784
66.6603
66.5445
66.4311
66.3203
66.2127
66.1081
66.0072
65.9098
65.8163
65.7269
65.6418
65.5611
65.485
65.4138
65.3474
65.2862
65.2302
65.1795
65.1341
65.0942
65.0599
65.0312
65.0082
64.9907
64.9789
64.9729
64.9724
64.9776
64.9883
65.0046
65.0263
65.0534
65.0857
65.1231
65.1656
65.2129
65.2649
65.3214
65.3823
65.4473
65.5163
65.5891
65.6654
65.7451
65.8278
65.9132
66.0013
66.0917
66.1841
66.2783
66.374
66.4709
66.5687
66.6672
66.7659
66.8647
66.9633
67.0614
67.1585
67.2547
67.3493
67.4424
67.5333
67.6221
67.7083
67.7917
67.8721
67.9491
68.0225
68.0922
68.1578
68.2191
68.2761
68.3282
68.3756
68.4178
68.4549
68.4866
68.5128
68.5334
68.548
68.5569
68.5598
68.5567
68.5474
68.5319
68.5103
68.4825
68.4484
68.4081
68.3616
68.309
68.2501
68.1852
68.1145
68.0377
67.9552
67.8671
67.7733
67.6742
67.5699
67.4605
67.3462
67.2272
67.1037
66.976
66.8441
66.7084
66.5691
66.4264
66.2806
66.132
65.9808
65.8273
65.6717
65.5143
65.3555
65.1954
65.0346
64.873
64.7111
64.5491
64.3874
64.2262
64.0659
63.9066
63.7486
63.5923
63.4379
63.2857
63.1359
62.9887
62.8444
62.7033
62.5655
62.4313
62.3009
62.1745
62.0522
61.9342
61.8207
61.7118
61.6076
61.5084
61.4141
61.3249
61.2409
61.1621
61.0885
61.0203
60.9574
60.8998
60.8475
60.8006
60.7589
60.7224
60.6911
60.6648
60.6435
60.6269
60.6152
60.6079
60.6051
60.6065
60.612
60.6214
60.6343
60.6507
60.6703
60.6929
60.7181
60.7457
60.7755
60.8071
60.8403
60.8748
60.9101
60.9461
60.9823
61.0186
61.0544
61.0895
61.1235
61.1561
61.1869
61.2156
61.2418
61.2651
61.2852
61.3018
61.3144
61.3227
61.3264
61.3252
61.3186
61.3063
61.2881
61.2636
61.2324
61.1943
61.1489
61.0959
61.0351
60.9662
60.8889
60.8029
60.7081
60.6041
60.4907
60.3678
60.2351
60.0924
59.9396
59.7765
59.6029
59.4188
59.224
59.0184
58.8019
58.5744
58.336
58.0864
57.8257
57.5539
57.271
56.9769
56.6718
56.3557
56.0285
55.6904
55.3415
54.9819
54.6116
54.2309
53.8398
53.4385
53.0271
52.6059
52.1749
51.7345
51.2848
50.8261
50.3585
49.8824
49.3979
48.9054
48.405
47.8971
47.382
46.8599
46.3311
45.796
45.2548
44.7079
44.1556
43.5981
43.0359
42.4692
41.8984
41.3238
40.7457
40.1646
39.5806
38.9942
38.4056
37.8153
37.2235
36.6306
36.0369
35.4428
34.8485
34.2543
33.6607
33.0678
32.476
31.8857
31.297
30.7103
30.1259
29.5441
